1 0 6 1
1 0 25 1
1 0 7 2
1 0 14 2
1 0 27 2
1 0 15 3
1 0 44 3
1 0 1 4
1 0 46 4
2 0 9 1
2 0 30 1
2 0 40 2
2 0 18 2
2 0 22 2
2 0 23 3
2 0 41 3
2 0 7 4
2 0 46 4
3 0 9 1
3 0 8 1
3 0 44 2
3 0 50 2
3 0 21 2
3 0 37 3
3 0 15 3
3 0 47 4
4 0 5 1
4 0 10 2
4 0 44 3
4 0 6 4
5 0 12 1
5 0 33 1
5 0 4 2
5 0 29 2
5 0 16 3
5 0 34 3
5 0 3 4
6 0 35 1
6 0 45 1
6 0 26 2
6 0 38 2
6 0 29 2
6 0 19 3
6 0 42 3
6 0 2 4
7 0 6 1
7 0 25 1
7 0 27 2
7 0 46 2
7 0 41 3
7 0 14 4
7 0 43 4
8 0 9 1
8 0 44 1
8 0 49 2
8 0 31 2
8 0 18 3
8 0 50 4
9 0 21 1
9 0 37 1
9 0 7 2
9 0 50 2
9 0 8 2
9 0 15 3
9 0 44 3
9 0 20 4
10 0 45 1
10 0 29 1
10 0 19 2
10 0 42 2
10 0 47 2
10 0 32 3
10 0 16 3
10 0 26 4
10 0 2 4
11 0 28 1
11 0 13 1
11 0 39 2
11 0 24 2
11 0 46 3
11 0 40 3
11 0 1 4
12 0 11 1
12 0 17 1
12 0 41 2
12 0 43 2
12 0 36 2
12 0 22 3
12 0 14 3
12 0 46 4
13 0 34 1
13 0 42 1
13 0 32 2
13 0 16 2
13 0 29 3
13 0 50 4
13 0 12 4
14 0 16 1
14 0 32 1
14 0 48 2
14 0 4 2
14 0 29 2
14 0 12 3
14 0 34 3
14 0 3 4
15 0 15 1
15 0 47 1
15 0 44 2
15 0 19 2
15 0 8 2
15 0 5 3
15 0 37 3
15 0 50 4
15 0 6 4
